FileName,ImageId,CatagoryID
train_val2019/Plants/654/90856abf2da52dc1784dea6871cba7d6.jpg,83691,654
train_val2019/Plants/654/302832cd7302a759fa4238dcf0f9398f.jpg,194502,654
train_val2019/Plants/654/19141271e3a06dc1342979ddd16abad5.jpg,46259,654
train_val2019/Plants/654/e01e7f7646d6ab70d072f059dd7b3d76.jpg,120847,654
train_val2019/Plants/654/cfd79502ffa95d0d3fa8db1784dc75b8.jpg,199657,654
train_val2019/Plants/654/00f206bcfbb34d3e21b35c89321d27ab.jpg,219156,654
train_val2019/Plants/654/0396c82cf8eeb0b718a846d32ea0085d.jpg,171186,654
train_val2019/Plants/654/f4fd36eb7dfe8836bec094a9d9d675e6.jpg,192777,654
train_val2019/Plants/654/d3c56d92ff36db6dc193824e86422139.jpg,67874,654
train_val2019/Plants/654/f3d81f0ea143a8b1cce94e58191d418b.jpg,258054,654
train_val2019/Plants/654/ba20350df0e2be62d7c961b4471887a9.jpg,39242,654
train_val2019/Plants/654/26f58d00f64cdd87cf2184a21d50148d.jpg,242718,654
train_val2019/Plants/654/c7a5deb8568f4eba01051c7e6377122c.jpg,103707,654
train_val2019/Plants/654/c68d6517e68c615fcf9c3b775b5a0bc1.jpg,201023,654
train_val2019/Plants/654/681642e631dae60b0cd02133e059cc50.jpg,121551,654
train_val2019/Plants/654/733986529958f85e74d75b774889b6d0.jpg,222108,654
train_val2019/Plants/654/86ffd7af397f1d9c0dd42bf94cf3c5b3.jpg,169337,654
train_val2019/Plants/654/a118dc3cf0b9938a855cff206ce2665c.jpg,252442,654
train_val2019/Plants/654/810d97e57f758aad07bf0c4b358b0074.jpg,38081,654
train_val2019/Plants/654/ae7ef00235b20cc8b8643386c5d9189d.jpg,103752,654
train_val2019/Plants/654/a989c7e600102c618ca191e2c4ddd63e.jpg,204949,654
train_val2019/Plants/654/5921d636119bb466488aed4b66daba66.jpg,252599,654
train_val2019/Plants/654/b03a24ceb32a3460084a78055c20fd91.jpg,37052,654
train_val2019/Plants/654/1d0228c2462eb2ec9e962b3be8880c28.jpg,143932,654
train_val2019/Plants/654/530b3474b5544a495d5e96e4000e2735.jpg,7001,654
train_val2019/Plants/654/2478ec2a5f7c0000948ce7a5fb644a13.jpg,79529,654
train_val2019/Plants/654/a5d260e94544c55073fb688de87f6926.jpg,224321,654
train_val2019/Plants/654/e39c81432a8117129067ae9bf41db8dc.jpg,219571,654
train_val2019/Plants/654/5fe6c8207827c735e758c012def16971.jpg,148203,654
train_val2019/Plants/654/867ef0c9fdba0425820d7940a0d432ff.jpg,109660,654
train_val2019/Plants/654/6c880934c98a5749476ae3f8d26a0a63.jpg,247272,654
train_val2019/Plants/654/3aa4fbf8b182a9a281879e00c837d715.jpg,26873,654
train_val2019/Plants/654/b25c79ee442a66f704d93f2784677958.jpg,35624,654
train_val2019/Plants/654/09e467fa900c98fab8b19a19bd425954.jpg,56530,654
train_val2019/Plants/654/97c4eb3692903eb1141173e343157af5.jpg,111754,654
train_val2019/Plants/654/7038a7461a5216848b6378dbef7a943f.jpg,132441,654
train_val2019/Plants/654/b1aa96fc48745f2d0a153b3972a28d26.jpg,208681,654
train_val2019/Plants/654/9af4d251bcbaab90095343efdc9213fe.jpg,235661,654
train_val2019/Plants/654/53b069b4974055a20e1345e6e1e23077.jpg,118128,654
train_val2019/Plants/654/7b2b8e98f6c7dce7b5e92578dc287a51.jpg,233391,654
train_val2019/Plants/654/11a82ee8855923e0c19345c4469da376.jpg,51239,654
train_val2019/Plants/654/cba7d10d14eb153a816ce552671701fb.jpg,186374,654
train_val2019/Plants/654/1e19b6bf96e5e4bf40f66332215a091f.jpg,23263,654
train_val2019/Plants/654/ea203ddafcf3a303c05939cfa1f840c3.jpg,208977,654
train_val2019/Plants/654/3f6c2061e3f76000fed8f29288a0f796.jpg,169111,654
train_val2019/Plants/654/e282418c3636464cc677a2a29e71cacd.jpg,105992,654
train_val2019/Plants/654/1129b46efb7512e37debbf8bb3014f6a.jpg,56903,654
train_val2019/Plants/654/c7eba742c0125937de349fc65741c6bc.jpg,215872,654
train_val2019/Plants/654/bb61a101ec6c69068adea3ca0c3bc809.jpg,199979,654
train_val2019/Plants/654/79e8d34cb53d1767ddac0e05cb3ed7df.jpg,178282,654
train_val2019/Plants/654/63f945e0ecc8e0ca9ebc557f28ca4287.jpg,180458,654
train_val2019/Plants/654/b25e741bf95427cdcb51fc3be9f5b45e.jpg,195518,654
train_val2019/Plants/654/173d300ba67a232383e3243b85152f1b.jpg,250112,654
train_val2019/Plants/654/85553979912a25576eb539fb8207eb96.jpg,235286,654
train_val2019/Plants/654/bcd7c74ee2cf29803e6616aa82ba14fa.jpg,222370,654
train_val2019/Plants/654/c365e209c6bf78fea8c04c133362288e.jpg,93065,654
train_val2019/Plants/654/89910aeb132d29ea52aecb86e3ee048c.jpg,41019,654
train_val2019/Plants/654/ccc5bda321c303ed571a73e9db0ab89e.jpg,988,654
train_val2019/Plants/654/8f8d159ad490e77f8def931ae5be100b.jpg,145571,654
train_val2019/Plants/654/7831ef50a08a899899c96857773ec316.jpg,35853,654
train_val2019/Plants/654/340c3fb5746d168a47f26da819bec88f.jpg,237522,654
train_val2019/Plants/654/47463e74e390372f3d7d378a2a016c0f.jpg,42372,654
train_val2019/Plants/654/7b7dd6b06fb91478a958fb2006e8ff7d.jpg,246131,654
train_val2019/Plants/654/255fda011da373df0da9163bd690d3c8.jpg,170777,654
train_val2019/Plants/654/c9f296977fa25ce75b3eac507b1419ec.jpg,14717,654
train_val2019/Plants/654/40fef15c0b896e1143768e8c3750bd31.jpg,73596,654
train_val2019/Plants/654/0888128eae4e6185124121f0e7e171b9.jpg,34939,654
train_val2019/Plants/654/30db5ecf9b4b69a2e59f8955637df0c0.jpg,152745,654
train_val2019/Plants/654/6642fbf8057db4358cd071c23dd7fffb.jpg,84227,654
train_val2019/Plants/654/84ec4ac297012115a51d0dda3e00c501.jpg,163400,654
train_val2019/Plants/654/6eb23bb452d4b2e7a022b97200e8c713.jpg,170728,654
train_val2019/Plants/654/ac07855e753298432507eed268c71bc1.jpg,216607,654
train_val2019/Plants/654/2a124156332b5adb4d7674cb3b9bab76.jpg,262465,654
train_val2019/Plants/654/de9cd6e76f9fe5548c9ce1e904290a2a.jpg,16062,654
train_val2019/Plants/654/34d9dd5c7b4b6130895b1efe830886a7.jpg,145208,654
train_val2019/Plants/654/96a496457a564c9aa9aeefa0bf630a6b.jpg,161628,654
train_val2019/Plants/654/4dc16d692e6f0597bd3b007c7069d6db.jpg,69508,654
train_val2019/Plants/654/d3b2fb8f7025b1a317e3c0e710982758.jpg,210867,654
train_val2019/Plants/654/f868d980e65de9d1f99ad9c6d5833eb4.jpg,113135,654
train_val2019/Plants/654/94d489f4afb899d5dfb78e0a6795af0b.jpg,66049,654
train_val2019/Plants/654/1c216cca8279314a27c6e76d29c9610b.jpg,211048,654
train_val2019/Plants/654/8a1b295a85debb683011b5c586285287.jpg,39675,654
train_val2019/Plants/654/51922a1f5136108a808daf7a02508929.jpg,183522,654
train_val2019/Plants/654/631d03fb95fa8b51dffe67d94f1917cb.jpg,151044,654
train_val2019/Plants/654/38c63b560fece9ceb782ef3aa48c1e28.jpg,196331,654
train_val2019/Plants/654/4fae1bdbf81f87aa39ad3c6dfd66ea23.jpg,90154,654
train_val2019/Plants/654/15e3c44fff9cb1100c438ffca5157e7c.jpg,71464,654
train_val2019/Plants/654/e6b7e028b64b9abd9e85c221acdee066.jpg,206683,654
train_val2019/Plants/654/cfe8a41be0aa4a28ac2339e2ef934988.jpg,214694,654
train_val2019/Plants/654/d9b9f0d9c8e8f3c056c0ee39bb1e7854.jpg,264697,654
train_val2019/Plants/654/0019c40bf0f39c96944efe1794553dd6.jpg,174614,654
train_val2019/Plants/654/2aeb71f565ae26be11bd90b66f7e9a94.jpg,37431,654
train_val2019/Plants/654/74316a104d4f70204204db7559d3e87b.jpg,23085,654
train_val2019/Plants/654/9710586fbe0ee9da874311cdfb014fc0.jpg,254076,654
train_val2019/Plants/654/13779247f14eabdb6a1296e363d347b7.jpg,60426,654
train_val2019/Plants/654/ba23f1b624218e41591e166d098095fc.jpg,7624,654
train_val2019/Plants/654/9c1840d57e91e325870bc2844966e987.jpg,133221,654
train_val2019/Plants/654/f4dc062c41c7f4963dee927044e29043.jpg,47536,654
train_val2019/Plants/654/134fbe6c3f00c6f1e457f2d17ebbf52e.jpg,141688,654
train_val2019/Plants/654/c09afdafebc7cc26658337781bf29c7b.jpg,24570,654
train_val2019/Plants/654/45a6a2e5f8418c488d5d8e91364c9b7e.jpg,104571,654
train_val2019/Plants/654/412b7cb385abc9d0420b88a97010dd57.jpg,188912,654
train_val2019/Plants/381/e71cc991cdaddf20c3310ed6d6e777f3.jpg,235827,381
train_val2019/Insects/120/78fe52459d64d85bd8d48c32a18a3931.jpg,106390,120
train_val2019/Plants/601/9c39e27fa3a7208d118704284901c944.jpg,195817,601
train_val2019/Plants/647/2082c09059b59940979608a426964ac2.jpg,95027,647
train_val2019/Plants/572/ef643a01f86803597a306975547d5d39.jpg,26772,572
train_val2019/Birds/283/72b21f60e5ffaf23a80161a2a4d0f465.jpg,42410,283
train_val2019/Insects/91/54410626eb3527cc51a193bad75eb593.jpg,251105,91
train_val2019/Insects/92/c1a52eb4439439a70e30f808e936cb75.jpg,35393,92
train_val2019/Plants/482/bc061a2f04ff036987ce02f77c0aeb42.jpg,184145,482
train_val2019/Plants/877/4a08a8352808cb5b6be97aa3210cae77.jpg,58528,877
train_val2019/Plants/862/5e726ac5016c40d9e23447d1aef85e44.jpg,94564,862
train_val2019/Birds/234/0f24b4fbbf93854dc1a4c5f7d6f16ffa.jpg,165228,234
train_val2019/Plants/718/e4d2d97b78b5e7027e1d12afbe79b02f.jpg,33677,718
train_val2019/Plants/718/b9e78b3734fac4842e5eb0f268a30993.jpg,235995,718
train_val2019/Birds/251/8af653145e2f0babeb36381a24ca81a4.jpg,103146,251
train_val2019/Plants/715/48034d24dbbddec06bde80071f256ff3.jpg,73221,715
train_val2019/Birds/259/72f7d6a85fdc4afbf717f37297290fcc.jpg,202050,259
train_val2019/Reptiles/180/4674ee1a39f87a8b6e6edf31a6577156.jpg,149939,180
train_val2019/Plants/575/b06f2ca03370c345f0fbed679f509e47.jpg,32138,575
train_val2019/Plants/786/67058abecf18d6a0305b609f73e05a7f.jpg,256795,786
train_val2019/Reptiles/185/4bd3898af1ce5f3a170fd73176142089.jpg,88383,185
train_val2019/Plants/466/005443188ba56c38be722c11050dbf2b.jpg,160816,466
train_val2019/Plants/633/71c454a3e4b3afe03dccc8c1e1c11019.jpg,57182,633
train_val2019/Plants/476/93084c413e586e7e54f2c0a5c584c232.jpg,11908,476
train_val2019/Plants/706/e06394d6bea032d27f4e87ca4dfb9a0e.jpg,58672,706
train_val2019/Plants/531/31d787bf12fe61fc985ce06dd65a9579.jpg,69056,531
train_val2019/Plants/428/3838b7d41af0546540ddd21901baec3b.jpg,15876,428
